0.03826765822
0.03904245758
0.03986090004
0.0395918551
0.03956279974
0.0395507195
0.03956946481
0.03954423984
0.03943649641
0.03942302758
0.03946370731
0.03954006551
0.03963182593
0.03970505025
0.03972543649
0.03968497642
0.0396001757
0.03949106142
0.03937998246
0.03928954548
0.03923420739
0.03922393924
0.03926950397
0.0393603487
0.03947330818
0.03957075221
0.03961707556
0.03959909026
0.03952905791
0.03943922831
0.03936488649
0.03933207349
0.03933126192
0.03934600485
0.03935991409
0.03935829911
0.03933722141
0.03930438429
0.03926806768
0.03923425601
0.03921238663
0.03920615582
0.03920608185
0.03920133327
0.03918284505
0.03915204716
0.03912607881
0.03912968347
0.03917575892
0.0392580662
0.03935927705
0.0394501819
0.03950944927
0.03953120392
0.03951116864
0.03945068247
0.03936795015
0.03928302704
0.03921905102
0.03920461498
0.03924252715
0.03929529174
0.03931257323
0.03925126944
0.03910281638
0.03891405555
0.03876412025
0.03871340226
0.03877609998
0.03891657452
0.0390651053
0.03915658059
0.03916886724
0.03912048261
0.03904889184
0.03899116867
0.03896756058
0.03897290972
0.03899736776
0.03903520806
0.03908189368
0.03913371437
0.03919400394
0.0392561962
0.03930372087
0.03932715824
0.03932163674
0.03928670239
0.03923072061
0.03917633733
0.03913027802
0.03910176523
0.03909838993
0.03911337368
0.03912919131
0.03914234945
0.03915062701
0.03915221358
0.03916442242
0.03919527386
0.03924308264
0.03929607439
0.0393461335
0.03938258495
0.03940394478
0.03942062111
0.03943678386
0.03944672611
0.03944570174
0.03943489561
0.0394095589
0.03938011389
0.03935775149
0.03934393912
0.03934232135
0.03935028804
0.03935776531
0.03935760478
0.03935057341
0.03932871205
0.03929657243
0.03925518961
0.039195137
0.03911883376
0.03902498045
0.03892005923
0.03881699707
0.03873004921
0.0386590727
0.0386031588
0.03855713536
0.03851668305
0.03849252509
0.03849715846
0.03854422102
0.0386388825
0.038773581
0.03893016892
0.03908490802
0.03922897632
0.03937813711
0.03957889633
0.03990836907
0.04044341364
0.04126539115
0.04243892095
0.04400463356
0.04597029677
0.04829847269
0.05088866941
0.0535919484
0.05629139115
0.05891800892
0.06149132127
0.06410101274
0.06682799507
0.06967223667
0.07252949862
0.07526288861
0.07775976615
0.07999914637
0.08205375364
0.0840297704
0.08596467935
0.08779864953
0.08945785839
0.09087192901
0.09203039714
0.09300308765
0.09386900788
0.09463474276
0.09526221343
0.09571760304
0.09596921523
0.09604370624
0.09600898214
0.09590666475
0.09574142348
0.09551307274
0.09520626637
0.09481049599
0.09434086209
0.09380517972
0.09320939402
0.09258294776
0.09195621462
0.09133936768
0.09073745175
0.09011063764
0.08937838995
0.08846774562
0.08733053276
0.08595339971
0.08431225555
0.0823508547
0.07996230779
0.07701589342
0.07344563616
0.06931482074
0.06482523749
0.06017199505
0.05550041884
0.05081461777
0.04599868171
0.04095252276
0.03571761419
0.03050747986
0.02553521775
0.02095995875
0.01675495931
0.01273899473
0.008731551322
0.004728771007
0.000892139697
-0.002592872406
-0.005562896905
-0.008035120497
-0.01017914543
-0.01215454008
-0.01399762419
-0.01563527151
-0.01693377553
-0.01776105688
-0.018117696
-0.0180990689
-0.01782723905
-0.0174206087
-0.01696762299
-0.01649176925
-0.01599196408
-0.01545583392
-0.01484497359
-0.01412473239
-0.01327273385
-0.01227477099
-0.01112826988
-0.009866202148
-0.008518046475
-0.00713242518
-0.00575561869
-0.004438695793
-0.003230061967
-0.002144399668
-0.001167086651
-0.00023484901
0.0007515867229
0.001913983528
0.003343044912
0.005090942805
0.007207386508
0.009741899286
0.01276238026
0.01632700612
0.02043076621
0.02495043414
0.02963650072
0.0342688651
0.03870442745
0.04292424578
0.04703726383
0.05117234239
0.05535478327
0.0594709551
0.06341035036
0.06705716273
0.07038178919
0.07345407406
0.07636273059
0.07910536078
0.08159996114
0.0837859593
0.08557456512
0.08694513055
0.08792791521
0.08853140832
0.08867987814
0.08830500026
0.08732250568
0.08561971947
0.08314660879
0.07988093934
0.07581348738
0.07104026152
0.0658280104
0.06042773346
0.05508544356
0.04994290634
0.04491249544
0.03979994507
0.03453494628
0.0292076058
0.02395458399
0.01900757064
0.0144586729
0.01018974559
0.006062395266
0.002058787522
-0.001714231502
-0.005102113923
-0.007908436015
-0.01010869388
-0.01181656211
-0.01313582663
-0.01406570597
-0.0145399849
-0.01445568279
-0.01368288402
-0.0122273632
-0.01017235173
-0.007638730615
-0.004777026551
-0.001784398509
0.001232587419
0.004256393135
0.007323683545
0.01054681498
0.01400143585
0.01761870933
0.02118913983
0.02454992753
0.02757519985
0.03028817838
0.03285472799
0.03542383527
0.03801679493
0.04054726125
0.04291041641
0.04497622843
0.04674795
0.04831402268
0.04974544248
0.05105523271
0.05219605611
0.05309441087
0.05369362579
0.0540285289
0.05417823274
0.05421960442
0.05420219727
0.05413165963
0.05398846232
0.05374280076
0.05338248234
0.05290427766
0.05230830399
0.05161198306
0.05085007346
0.05006455426
0.04928219022
0.04851648254
0.04774815499
0.04694311434
0.04611036204
0.04529937769
0.04454969718
0.04389605521
0.04333446562
0.04279855406
0.04223453723
0.04162827645
0.04100055877
0.04039577893
0.039881903
0.03949023441
0.03920418708
0.03899548454
0.03881166736
0.03860895557
0.03835892727
0.03806464247
0.03774314987
0.03742654183
0.03714109772
0.03690195947
0.03673334427
0.03665945493
0.0367247038
0.03698278322
0.03744507086
0.03805138089
0.03869973045
0.03926491604
0.03964200204
0.03981056244
0.03983480308
0.03980456836
0.03979756154
0.03985248394
0.03995123424
0.04005194843
0.04013847997
0.04023172401
0.04036535789
0.0405612798
0.04081887436
0.04109030648
0.04131705125
0.04146432064
0.04153780852
0.041571602
0.0416040796
0.04166457578
0.04175339846
0.04185502314
0.04195609074
0.04205716142
0.04215655501
0.04225361019
0.04234920926
0.04242855595
0.04248602407
0.04253335109
0.04257618675
0.04261677507
0.04264732648
0.04265043059
0.04260826641
0.0425279373
0.04242998847
0.04234402779
0.04229170122
0.04226892244
0.04225482727
0.04222128182
0.04214997996
0.04203557146
0.04188516779
0.04170221422
0.04150025942
0.04130374859
0.04113168752
0.04100182784
0.04091924634
0.04086378569
0.04080368712
0.0407220532
0.04061844491
0.04049500892
0.04037362956
0.04025688968
0.04013437702
0.03999988613
0.03986402673
0.03974027735
0.03964229849
0.03959115099
0.03957990025
0.03960059876
0.0396408074
0.03969453555
0.03974689708
0.03979126995
0.03981469621
0.03981075969
0.0397935917
0.03978284237
0.03980707826
0.03988507795
0.04002013091
0.04020275463
0.04043604148
0.04070378734
0.04097778547
0.04122670458
0.04141128011
0.04151005043
0.04154569541
0.04156836812
0.04162896428
0.04176350438
0.04196585829
0.04220103466
0.04242618849
0.04260440942
0.04272827731
0.04280536835
0.04284335369
0.04286367176
0.04287596656
0.04288367003
0.0428930029
0.04289555163
0.04287558012
0.04283191627
0.04277508478
0.04272286413
0.04272254086
0.04279489393
0.04292996394
0.04309667188
0.04323542807
0.04329739377
0.04327916246
0.04321010706
0.04313154583
0.04308294857
0.04305354164
0.04300266808
0.04289640379
0.04271287305
0.04247610925
0.04224176472
0.04204709984
0.04190211688
0.04179263208
0.04167929106
0.04152927458
0.04134428643
0.04113382909
0.04092143827
0.04073609679
0.04058645098
0.04047123704
0.04038324561
0.04030411494
0.04021806222
0.04012563657
0.04003577776
0.03995758058
0.03989799285
0.03984424327
0.03978040442
0.03970176345
0.03962068279
0.03955464242
0.03952165907
0.03953085871
0.03957115146
0.03963717555
0.03971927282
0.03980778331
0.03989748759
0.03998684228
0.04006672069
0.04014090455
0.04022115322
0.04031203374
0.04042542297
0.04056131482
0.04070642535
0.04084636819
0.04097040994
0.04106370318
0.04112780102
0.04118364843
0.04124618284
0.04133744565
0.04147046144
0.04163020611
0.04178812656
0.04192371904
0.04201899012
0.04206854033
0.04209554238
0.04211720739
0.04214072076
0.04217171154
0.04220604142
0.04223257053
0.04225656241
0.04228350323
0.04230996187
0.04233430325
0.04235195627
0.04235289258
0.04233955074
0.04231623648
0.04228188724
0.04223306601
0.04216601685
0.04208170943
0.0419856636
0.04189544519
0.04182318027
0.04177014646
0.04172915669
0.0416919129
0.04165205634
0.04161182115
0.04157705177
0.04154808553
0.04152398088
0.04149928336
0.04146839916
0.04143719945
0.04140874361
0.04138654115
0.04137016661
0.04135030731
0.0413061578
0.04122223136
0.04109519633
0.0409288773
0.04075241432
0.04059686252
0.04048175643
0.04040952622
0.04036780865
0.04034088214
0.04031647958
0.04029300512
0.0402680349
0.04023910594
0.04020261557
0.04016216851
0.04013282653
0.04012630481
0.04015221588
0.04020414058
0.0402589289
0.04029113314
0.04028567322
0.0402440332
0.04018283122
0.04013193639
0.04011123396
0.04011958617
0.04015859016
0.04027447352
0.04032175901
0.04031839069
0.04037508485
0.04055419243
0.04121537476
0.04047622417
0.04012152109