0.04628123723
0.04886846489
0.0489052974
0.05000686815
0.05053696764
0.04979102167
0.04908862436
0.04904701596
0.04919525612
0.04957071455
0.04984143468
0.04944273179
0.04928089433
0.04901265002
0.0488811809
0.04886768234
0.04938800135
0.05011271606
0.05053441013
0.05032653135
0.0498822637
0.04921003532
0.04860841938
0.04840312342
0.04832852349
0.04863332418
0.04891748496
0.04894140124
0.04894014718
0.04843387671
0.04828444574
0.04863171034
0.04918560475
0.0496113274
0.05012235653
0.05027079244
0.05009268309
0.04924422747
0.04863664478
0.04821449465
0.04746755742
0.04702523045
0.04651708474
0.04637241481
0.04649250746
0.04689118084
0.04743376145
0.04801504264
0.04859298139
0.04901872385
0.0494748512
0.04994112885
0.04983171489
0.05007859609
0.05021952797
0.05002663147
0.04989117535
0.04984786028
0.04943577564
0.04922299949
0.04910552988
0.04928954173
0.04986865189
0.05029350358
0.05081144277
0.05113518339
0.05054033658
0.04980187242
0.04904713771
0.0484082076
0.04826119966
0.04853619434
0.04896077605
0.0492085005
0.049587733
0.04961082511
0.04993265907
0.04991558626
0.04983837156
0.05025839977
0.05064121328
0.05045323553
0.05066483226
0.05046596731
0.04994208703
0.04965813518
0.04958977314
0.04962836401
0.04947802164
0.04918653649
0.04892872678
0.04842611708
0.04832742685
0.04851344442
0.04905509798
0.04970633412
0.05039855454
0.0510538621
0.05147793455
0.05103090997
0.05057432061
0.0501122887
0.0494102068
0.04917865959
0.04934443657
0.04968861793
0.05000188221
0.05005266534
0.05019568064
0.05004808666
0.05002544129
0.04987446779
0.0504258512
0.05062417208
0.05084433461
0.05088726303
0.05062470651
0.05037779113
0.05029250355
0.05022812068
0.04994427066
0.04948283427
0.04952060218
0.04970569608
0.04924498713
0.04903603048
0.04923328421
0.04913856318
0.04907097773
0.04919574704
0.04978002686
0.05057951357
0.05121349266
0.05190195483
0.0522517466
0.05201586676
0.05147277303
0.05052635583
0.04980712517
0.04909475339
0.0484070726
0.04827053972
0.04854122123
0.04893348518
0.04945024618
0.05036008628
0.05067009604
0.05067221713
0.05080264161
0.05146513527
0.05241501775
0.05346117891
0.05446725093
0.0557400426
0.05698466452
0.05865320507
0.05992328032
0.06121073324
0.06198619141
0.06224582737
0.06261706725
0.06298561561
0.06379356206
0.06481648602
0.06625709437
0.06722401569
0.06773193647
0.06819557748
0.0686765851
0.0693057821
0.06998305333
0.07020262369
0.07019598925
0.06968722261
0.06878123438
0.06809243156
0.06741039507
0.0670046394
0.06666449984
0.06691866296
0.06762835822
0.06765065641
0.06796482768
0.06763138816
0.06670292842
0.06615267604
0.06607376995
0.06641448947
0.06685193072
0.06711994921
0.06708481465
0.06648165067
0.06565645595
0.06528869593
0.06511888735
0.06452191644
0.06387835754
0.06263186517
0.06070063358
0.05852203623
0.05613296626
0.05418405107
0.05228095742
0.0508966
0.04904820661
0.04763189324
0.04672037748
0.04550119632
0.04441869074
0.04329507747
0.04269338797
0.04180031525
0.0409014475
0.040223254
0.03991466883
0.0396078909
0.03964038063
0.0397086825
0.03986177222
0.04012660376
0.04014106886
0.04015501606
0.04041816738
0.04058537141
0.0411947521
0.04179874838
0.04235911085
0.04242830318
0.04224744745
0.04194921555
0.04154058009
0.04118380307
0.04144153694
0.04203152067
0.04270668356
0.04337869039
0.04377231559
0.04365276881
0.04313910135
0.04295516662
0.04280655666
0.04297002882
0.0434178183
0.04431250997
0.04479577715
0.04474693338
0.0443176289
0.04401531521
0.04306967286
0.04206569721
0.04199546114
0.0423251393
0.04323220698
0.04436390004
0.04567456464
0.04725769829
0.04869445952
0.04981192823
0.05114189475
0.05269753244
0.05428760056
0.05551392971
0.0568969169
0.05822528436
0.05954625989
0.06027161016
0.06121822829
0.06224049155
0.06312236934
0.06393277477
0.06505645348
0.06640077842
0.06727543754
0.06848667754
0.06969523941
0.07052458
0.07123676277
0.07162179156
0.07170408821
0.07103091214
0.06930466631
0.06731934955
0.06485084651
0.06153371033
0.05846760112
0.05529903282
0.05272144361
0.05086446216
0.04863320024
0.04720492313
0.0459676995
0.04486089716
0.04412371437
0.04326950599
0.04261108489
0.04172576085
0.04080200383
0.04018492095
0.03937508519
0.03892693101
0.03844842248
0.03846987993
0.03824799245
0.03833204422
0.03888797902
0.03984145598
0.04061822934
0.04150317539
0.04227276472
0.0430735269
0.04431049954
0.04502727787
0.04576435121
0.04679979627
0.04720170246
0.04753167955
0.04800531397
0.04888717964
0.05020497287
0.05156260982
0.05256005742
0.05284135571
0.05292678491
0.05300322098
0.05313254496
0.05367473695
0.05417515686
0.05429914192
0.05444753486
0.05406441172
0.05351354895
0.05274170312
0.05229287755
0.05213033035
0.05187021181
0.05193371502
0.05260855563
0.05240084657
0.05238838979
0.05206798456
0.05139311908
0.05084237391
0.05020441639
0.05023856368
0.05079254307
0.05146274761
0.0519741849
0.05275952551
0.05350303819
0.05388072082
0.05423913479
0.05456830873
0.05458835178
0.05477038484
0.05472312037
0.05413343952
0.05370372361
0.05325970923
0.05283225617
0.05263527055
0.05160408622
0.05115225149
0.05087469318
0.05021604983
0.04950742077
0.04905177454
0.04884526952
0.04832950894
0.0482414783
0.04882944518
0.04916448775
0.04944739549
0.04979168268
0.04993139881
0.04985224719
0.04959745604
0.04946951384
0.04903382041
0.04837848918
0.04833819925
0.04832305675
0.0485538298
0.04887014324
0.04936792203
0.05025591926
0.05083532211
0.05099811445
0.05152615001
0.05207030368
0.05248222534
0.05290241147
0.05292374342
0.05293217425
0.05238137972
0.05193782516
0.05179335403
0.05199283077
0.05229023968
0.05268701149
0.05284592884
0.05301262555
0.05303457732
0.0527896207
0.0526764241
0.05214384773
0.0515726532
0.0512429512
0.05040859284
0.04972112377
0.04928617529
0.04934625196
0.04923951718
0.04977981454
0.05075920779
0.05147620132
0.05216254842
0.0527851291
0.0523729389
0.05205260993
0.05166265618
0.05158114138
0.05115726808
0.05069478108
0.0501704898
0.04976360259
0.04975460112
0.05020868493
0.05090471349
0.05198183335
0.05265264836
0.05291872401
0.05299660452
0.05290319886
0.05227480589
0.05199676758
0.05147474135
0.05155985682
0.0510121519
0.05102706412
0.05109278393
0.05069589793
0.05079008274
0.05095799377
0.05088701145
0.05071671117
0.05026246875
0.05046945027
0.04989099929
0.04903864494
0.04877437776
0.04859794517
0.04863015559
0.04919250418
0.05019387849
0.0507441671
0.05067670484
0.04973440203
0.04886184368
0.04828514428
0.04842714492
0.04928006161
0.05028833443
0.0508895038
0.05110264073
0.05115842519
0.05084407713
0.05026095954
0.05012348506
0.05038867168
0.05015403245
0.05051508618
0.05098896558
0.05114386616
0.05080735134
0.05020444872
0.04978606838
0.04961790319
0.04950718154
0.04985143706
0.05043739162
0.0509210055
0.05087379766
0.05086908942
0.05036023161
0.05009729736
0.05002428761
0.05075856964
0.05153416349
0.0518228558
0.05153916736
0.05144650811
0.05106436607
0.05082441847
0.05094255763
0.05131890796
0.05158774891
0.05121550324
0.05037729615
0.05012665369
0.04931218995
0.04920973235
0.049637775
0.05007563403
0.05105310278
0.05220210361
0.05292231655
0.05337892034
0.05310327598
0.05358817237
0.05330203306
0.05202040529
0.05094672466
0.04993896803
0.04892664412
0.04864826331
0.04906318872
0.0501740571
0.0507473994
0.05118462365
0.05111559791
0.05050453939
0.05009956964
0.0501809075
0.05058744264
0.05114638631
0.0511823619
0.05096873619
0.05074222819
0.05013960458
0.05005475463
0.04981679329
0.04942643766
0.04875169099
0.04794069697
0.04782023149
0.04775602548
0.04774687307
0.04835054774
0.04902115776
0.04952420221
0.04983465823
0.05026843618
0.05096088986
0.05115857957
0.05140172017
0.05139972871
0.05074962617
0.05055241367
0.05060089487
0.05053879587
0.05061885701
0.05023412118
0.05024942016
0.05031844437
0.05019827832
0.05027591106
0.05079170982
0.05118038821
0.05141256247
0.05143303812
0.0519047781
0.0515679589
0.05089570188
0.05037122257
0.04990531937
0.04958462404
0.04990493228
0.0503920494
0.05118177332
0.05152108786
0.05149142699
0.05172122644
0.05131999961
0.05062386594
0.05042944844
0.05033398076
0.05005036398
0.04999218541
0.05087382287
0.05110741315
0.05141583327
0.05159686705
0.05132684063
0.05142283042
0.05143841667
0.05165965231
0.05158404979
0.05163843967
0.05136517755
0.05135351925
0.05091387204
0.05057101538
0.0505786623
0.05089213353
0.0504336114
0.04974594139
0.0495088516
0.04968726212
0.04955638313
0.04984655687
0.05059224036
0.05093508027
0.05048864418
0.05009625612
0.04980533753
0.0491628088
0.04916548374
0.04964626606
0.04989251271
0.05030924717
0.05016953177
0.05029115881
0.05070167658
0.05094799124
0.05221448447
0.05286133563
0.0530008248
0.05299495663
0.0521404255
0.05071421347
0.04957265396
0.048911155
0.0527562361
0.04674190562
0.04344414851
0.04840120643