0.43822279
0.4430582105
0.4336714085
0.4376669515
0.4400978163
0.438645294
0.4364410585
0.4349883821
0.4352129294
0.435610642
0.436959769
0.4383429091
0.4386808372
0.4390286419
0.4385040189
0.4380185097
0.4382206864
0.4393346374
0.4409582194
0.4425891785
0.4435692003
0.4435491901
0.4424175792
0.4411224093
0.4401835742
0.4396403621
0.4395905625
0.4397254853
0.4398675775
0.439255508
0.4377501422
0.4363553292
0.4358379803
0.436313454
0.4372089437
0.4383848572
0.4383516207
0.4381737681
0.4375706525
0.43785527
0.4385450031
0.4394764655
0.4397687046
0.4392370611
0.4379844528
0.4371819154
0.436753686
0.4376310848
0.4390064013
0.4403465077
0.4405560896
0.4394810376
0.4377136449
0.4362768439
0.4359350645
0.4367147669
0.438731854
0.4410076219
0.4422934024
0.443184777
0.4428816843
0.4423059861
0.4415811549
0.4410884713
0.4400946933
0.4393644348
0.4386171023
0.4378770733
0.4372801598
0.4368264624
0.4364880685
0.4359776649
0.4352949714
0.4336720782
0.4323312966
0.4317910021
0.4327609865
0.4353294641
0.4385803105
0.4408035793
0.4424414535
0.4422378564
0.4411562119
0.4404022043
0.4404625464
0.4412003918
0.4420068353
0.4422025993
0.4421695243
0.4414740806
0.4406182527
0.439511482
0.4387545345
0.4376791339
0.43669983
0.4359903624
0.4355168068
0.4356844979
0.4363498239
0.436885627
0.4374662879
0.4382686459
0.4392962653
0.4405892071
0.4419058896
0.4426308173
0.4430964662
0.4423342595
0.4411842394
0.4399525607
0.4383030866
0.4377172703
0.4382601517
0.4391301678
0.4402889449
0.4408044344
0.4398498132
0.4389734946
0.4384796838
0.4393384932
0.4412816046
0.4429860919
0.444487064
0.4446085359
0.4435281252
0.4425879208
0.4423227932
0.4425081496
0.4428757101
0.4424641196
0.4411586568
0.4399658552
0.4385631802
0.4379305797
0.4377428064
0.4379412308
0.4379249037
0.4373010203
0.4359088009
0.4339688495
0.4319812018
0.4306316487
0.4306746844
0.4324547145
0.4363854115
0.4422539971
0.4506844961
0.4608523629
0.4728005306
0.4858628702
0.4998038682
0.5146912846
0.5293867326
0.5440707412
0.5586153436
0.5741483126
0.5893699241
0.6046861029
0.6192372566
0.6325346027
0.6446433562
0.655563538
0.667148994
0.6794260692
0.6907676852
0.7007505799
0.709768003
0.7158505953
0.7209812237
0.7254508984
0.7281996465
0.7299969626
0.7313431256
0.7330990164
0.7339985739
0.7337828798
0.7332061179
0.731346995
0.7290552083
0.7273084243
0.725671168
0.7243917327
0.722217084
0.7187575107
0.7149655652
0.709286708
0.7036811566
0.6985161259
0.6938471837
0.6916472557
0.6901532777
0.688465133
0.6866428332
0.683513703
0.6777925994
0.66822038
0.6548741188
0.6375332692
0.6172689617
0.5949390658
0.5709448019
0.5452186128
0.5173415763
0.4881985092
0.458172007
0.4287980416
0.4006874035
0.3741296467
0.3486165709
0.3240968689
0.3000404014
0.2771329196
0.2559632382
0.2362894927
0.2190182141
0.2036097378
0.1898647826
0.1773306206
0.1666337061
0.1573796822
0.1505995455
0.1459519907
0.1433969374
0.1425078908
0.1426005198
0.1435332607
0.1450984084
0.1473578782
0.149969298
0.1524725955
0.1552142339
0.1582777851
0.1624186794
0.1681493866
0.175442767
0.1834485201
0.1919331989
0.2000599183
0.2078017473
0.2153589431
0.2228387662
0.2295907174
0.2352677246
0.2394015769
0.2420912889
0.2436906128
0.2451376306
0.2477499256
0.2519665204
0.259588591
0.2716345089
0.2883088315
0.308298726
0.3311349421
0.3556478892
0.3801609528
0.4045515585
0.4283028942
0.4517358325
0.4753507685
0.4983693272
0.5218231164
0.544733259
0.5663159097
0.5864093746
0.6040891677
0.6190828539
0.6328767488
0.644924853
0.6565818141
0.6678125339
0.6786833654
0.6892079237
0.6990924706
0.7078239256
0.7142311744
0.7168977288
0.7146571365
0.7068043172
0.6932798734
0.6750127821
0.6523475862
0.626104571
0.5983627312
0.5696107116
0.5393095711
0.5093190925
0.4793287606
0.4498014111
0.4209802225
0.3928835465
0.3656828605
0.3392117891
0.3135206775
0.2887397192
0.2648530879
0.2421358984
0.2208777836
0.2017636158
0.1847442179
0.169766832
0.1572999486
0.1478264092
0.1420437898
0.1404817403
0.1432903955
0.1498383745
0.1595833206
0.1719071128
0.1861811719
0.2017743353
0.2186764048
0.2363170835
0.2546770814
0.2736099546
0.2928396007
0.3118513553
0.3303683974
0.3480047814
0.364701664
0.3804223753
0.3948322598
0.4087005415
0.4219585617
0.4343363193
0.4467404551
0.4590262603
0.4705836899
0.4804422541
0.4892620274
0.4956770142
0.5001804315
0.5036523949
0.5068712691
0.5094933384
0.5132899587
0.5167088104
0.5192785696
0.5205674435
0.5203650677
0.5184102556
0.5156128536
0.5125867499
0.5094189349
0.5056269193
0.5014710645
0.4971061735
0.4928631243
0.4891092718
0.4849325714
0.4807717742
0.4760985364
0.4712168996
0.4667533304
0.4635350621
0.4607105358
0.4586954478
0.4566222243
0.4539353666
0.4508252553
0.4478013088
0.4451443899
0.4429848826
0.4407446973
0.4383758124
0.4356805332
0.4329231525
0.4301186473
0.4283437875
0.4267838822
0.4257853194
0.4255757141
0.426251885
0.4274202268
0.4287978917
0.4300988363
0.4310948053
0.4318001116
0.4317397182
0.4320645649
0.4316345329
0.4319477988
0.4324672091
0.433493074
0.43576685
0.4389871049
0.4419814921
0.4445672421
0.4453930283
0.4447718885
0.4438148989
0.4426857594
0.4428999364
0.4435947831
0.445127953
0.446873064
0.4477804224
0.4489772991
0.4493451349
0.4488298344
0.4494669882
0.4496755705
0.4505498349
0.4512356077
0.4519093261
0.4527067126
0.4520216926
0.4518192395
0.4499400498
0.4490682605
0.4483090914
0.4485693552
0.4492988172
0.4505637197
0.4517822889
0.4534882034
0.4547023592
0.4555217797
0.4558364536
0.4561860862
0.4558642469
0.4556954983
0.4553060115
0.4550107769
0.4541001391
0.4528737625
0.4510727949
0.4498915645
0.4489837524
0.4488747879
0.4496948292
0.4508981591
0.4519865591
0.4528459607
0.4530012487
0.4525347276
0.4514664955
0.450211149
0.4488855831
0.4480504168
0.4477820855
0.4476774906
0.4475034088
0.4467615128
0.4452543141
0.443186532
0.4410471803
0.439444606
0.4376953722
0.437705021
0.4384802047
0.4405304261
0.4430968673
0.4451484359
0.4460770202
0.4459807945
0.4451274137
0.4442514513
0.4431633578
0.4432564005
0.4428605244
0.4430294073
0.4426485907
0.443257716
0.4438556002
0.4448374286
0.4463592448
0.4483382099
0.4503235134
0.4519836009
0.4527860372
0.45254161
0.4519396413
0.4507763246
0.4505771836
0.4504525596
0.4512240687
0.4515992654
0.4523766047
0.452715339
0.4532707238
0.4538426092
0.4543422913
0.4545595916
0.4544970534
0.4541511004
0.4540988929
0.45398535
0.4545892807
0.4546335212
0.4546245248
0.4552462771
0.4557147967
0.4563504916
0.4563231164
0.4562287759
0.4559155369
0.4555620738
0.4551397469
0.4545245362
0.4535713044
0.4522381482
0.4505501064
0.4498348896
0.4490068223
0.4487325674
0.4487194207
0.4487267037
0.4486702418
0.4487929678
0.4484533178
0.4477280553
0.4463418219
0.4447121663
0.443273383
0.4424639861
0.4422028379
0.4427918946
0.4426758023
0.4420192737
0.4401024921
0.4379952603
0.4361188795
0.4351425178
0.4350407526
0.4359203318
0.4376110504
0.4399349625
0.4420610364
0.4441626467
0.4456217662
0.4459721799
0.4458247202
0.4447394612
0.4428621196
0.4410593855
0.4396569098
0.4384401795
0.438797277
0.4404027372
0.4425239146
0.4450613908
0.4474939983
0.4485450109
0.4483362421
0.447441957
0.4464056891
0.4462270028
0.4467648712
0.4478263498
0.4484996777
0.4494356873
0.4505440678
0.4520559932
0.4539339308
0.4560654482
0.4566278955
0.4577217555
0.4574376219
0.4577021065
0.4568854015
0.4565438148
0.4551728447
0.4532810044
0.4518406442
0.4503305142
0.4499908719
0.4498941329
0.4507298426
0.4514443845
0.4525387676
0.4537512899
0.4544949446
0.4543601575
0.454038933
0.4528525808
0.4518838527
0.4507869434
0.450124432
0.4495435492
0.4488560493
0.4481031517
0.4472360522
0.4467578397
0.4471369188
0.4480647275
0.4492342013
0.450079085
0.4500985818
0.4491239171
0.4477651099
0.4466173722
0.4462925855
0.4467214186
0.4476394547
0.4484981849
0.4486891391
0.4485823559
0.4484692474
0.4477492209
0.446890846
0.445772775
0.4443714035
0.4429488363
0.4411917846
0.4402314822
0.4400352749
0.4400781224
0.4407764477
0.4418012181
0.4424313538
0.4426943652
0.4424000825
0.4423783309
0.4422017646
0.4428783002
0.4440193593
0.4457486154
0.4474740737
0.4485112525
0.4473489215
0.4458572368
0.4484152894
0.4364668158
0.4385478062
0.4462036804