0.01556997221
0.01555251974
0.0154454486
0.001817443521
0.009521544453
0.009008552178
0.008943268896
0.01014980785
0.0121140234
0.01352783712
0.01458635375
0.01457275354
0.01369727162
0.01198791214
0.00988399514
0.007875428208
0.006449345217
0.005903370219
0.006379299403
0.007804749576
0.009995341371
0.0124236633
0.01445576174
0.0155799857
0.01548939731
0.01434006573
0.01259173235
0.01090447015
0.009884106296
0.009717294372
0.01043997372
0.01163291843
0.01268682998
0.01314682582
0.0128677297
0.01194500198
0.01080222861
0.009816563324
0.009455931461
0.009778513344
0.01048664542
0.01131156692
0.01188284479
0.01207623541
0.01189112114
0.01157152814
0.01134819839
0.01140350607
0.01177476527
0.012301954
0.0127321509
0.01281765834
0.01231675649
0.01145080971
0.0104201885
0.009594785186
0.009406347815
0.009947015738
0.01091916987
0.01193301019
0.0124193906
0.01208425984
0.01106925636
0.009751122598
0.008832976224
0.008807334272
0.009679224351
0.01126326998
0.01298342962
0.01424394424
0.0146713196
0.01418150259
0.012956192
0.01133565702
0.009868132182
0.008862481662
0.008668890789
0.009199361729
0.01031205381
0.01171121506
0.01288094551
0.01338359128
0.01319922031
0.01227695661
0.01092957509
0.009658802778
0.008843898398
0.008778838155
0.009460519088
0.0106745358
0.01205232245
0.01302537941
0.01333095099
0.01292525663
0.01212237784
0.01137514478
0.01113718632
0.0115363782
0.01227377916
0.01282112106
0.01293622553
0.01246954623
0.01158781478
0.01076682864
0.01026723944
0.01012183773
0.01017844843
0.01012146113
0.009867380747
0.009418508896
0.009092364235
0.009119676595
0.009832312869
0.01096200194
0.01220885094
0.01313268882
0.01337226363
0.01291081595
0.01200655172
0.01103148438
0.01023999729
0.00982848634
0.009853492626
0.01007795898
0.0102458565
0.01047119767
0.01074711565
0.01094886332
0.01111571804
0.01114444287
0.01109318066
0.01108295404
0.01122511974
0.01177503371
0.01278418117
0.01412815832
0.01568447981
0.01737658361
0.01936441831
0.02188096932
0.02533430278
0.03009539706
0.03613510674
0.0429311906
0.04960428316
0.05505682445
0.05822414184
0.05857355211
0.05630055176
0.05209242314
0.04676112239
0.04105322445
0.0352994234
0.02970375766
0.02429440638
0.01931752692
0.01494140324
0.01155131446
0.009167563257
0.007570691472
0.006358153788
0.004960801777
0.003099816729
0.0008212715394
-0.00138396625
-0.00306035066
-0.003797144314
-0.003397409799
-0.002239607501
-0.0008719894219
0.0001469916594
0.0004255803031
5.78E-05
-0.0006708753439
-0.001232987712
-0.001215476631
-0.0005976214578
0.0004785668276
0.001622574149
0.002612787853
0.003401576527
0.004004803049
0.004896305693
0.006183990299
0.007762849696
0.009290593846
0.0099886256
0.00895151101
0.005425373094
-0.0008550545632
-0.009617015045
-0.02017403435
-0.03148428181
-0.04235014055
-0.05178401743
-0.05891161894
-0.06290332716
-0.06328644032
-0.06008991125
-0.0538276997
-0.04554280796
-0.03638023635
-0.02735527549
-0.01892302803
-0.01122023908
-0.003971153704
0.002931834069
0.009228426294
0.01471428127
0.01925194652
0.02315086974
0.02667706141
0.03022744226
0.03378458199
0.03694520045
0.03886597247
0.03918454791
0.03792413746
0.03592294591
0.03430282006
0.03413876097
0.03572419517
0.03872274084
0.04202359564
0.04438588489
0.04480545013
0.04284804544
0.03873316047
0.03319454383
0.02725772713
0.02195700368
0.01815554944
0.01640347374
0.01662311912
0.01820866042
0.02024353318
0.02178598308
0.0221770742
0.02123994654
0.01940903729
0.01719593159
0.01532225228
0.01455349147
0.01569856905
0.0193723405
0.0260219797
0.03560346483
0.04728552344
0.05911709126
0.06908821581
0.07557670352
0.07739184191
0.0745826174
0.06830437135
0.06021311991
0.05160538003
0.0433557024
0.03571314347
0.02876333146
0.02252715054
0.01708780088
0.01267541741
0.009480436171
0.007333361346
0.005753802495
0.004024565727
0.0017721026
-0.00131899185
-0.005301956625
-0.01011120359
-0.01572210304
-0.02239480901
-0.03054978949
-0.04019348478
-0.05113993281
-0.06265981073
-0.07346141484
-0.08220713335
-0.08767512955
-0.08914361633
-0.0864742102
-0.07979559704
-0.06992562229
-0.05823377267
-0.04577197252
-0.03375591931
-0.02309767085
-0.01413604428
-0.006945849565
-0.0008109091608
0.004839539527
0.01050972935
0.0165385996
0.02281369189
0.02923888414
0.03549375956
0.04134976083
0.04672453144
0.05167559034
0.05644004998
0.06123063882
0.06640454099
0.07161882543
0.07653965426
0.08039506671
0.08230033275
0.08154397777
0.07810511533
0.0723208592
0.065030521
0.05721325834
0.04960933848
0.04285505874
0.0372337608
0.03239612407
0.02808887564
0.02396222473
0.01985302069
0.01579767218
0.01199002672
0.008605238341
0.005827063886
0.003773647149
0.002323543411
0.001323723687
0.0005827631102
-0.0001984074147
-0.001147408804
-0.002205393048
-0.003401352475
-0.004533212277
-0.005444597183
-0.006029689454
-0.006295200172
-0.006334697927
-0.006138643709
-0.005647760515
-0.005060496291
-0.004210519348
-0.003249012792
-0.00226198113
-0.001259643615
-0.0003110114708
0.0006991961024
0.001733191981
0.002601558925
0.003187347959
0.003575331257
0.003879837195
0.004340515699
0.005268060969
0.006727972285
0.00850244969
0.01035998887
0.01188892693
0.0129320084
0.01368090242
0.0143229393
0.015029356
0.01585114363
0.01644623666
0.01687431894
0.01698875093
0.0167660714
0.01649103609
0.01633447619
0.01623165845
0.0158520064
0.01509747733
0.01394189015
0.01255470223
0.01149117487
0.01123056148
0.01193310739
0.01343087107
0.01524544277
0.0169540571
0.01814888985
0.01868995273
0.01871659461
0.01816863058
0.01710895469
0.01550441612
0.01354014378
0.0115952178
0.009947124352
0.00898785434
0.009051996569
0.009946335682
0.01124350148
0.01249112761
0.01318000263
0.01319643226
0.01250636818
0.0114779085
0.01036091864
0.009387480304
0.008664900812
0.008332427631
0.008469672631
0.009205870723
0.01038431892
0.01165857376
0.01262921121
0.01286916403
0.01243856681
0.01165908103
0.01090428244
0.01061103831
0.01077790015
0.01119766621
0.01144690974
0.01146185092
0.01129074424
0.01105668019
0.01095990349
0.01104224998
0.01112036683
0.01133707945
0.01165885541
0.01218303292
0.01270233043
0.01300780213
0.01282604241
0.01200493332
0.01071755739
0.009311885653
0.008262922001
0.007948317935
0.008332474936
0.009233470098
0.01039684445
0.01152898985
0.01238365693
0.01314558375
0.01372744836
0.01429556913
0.01456555362
0.01457381729
0.0141055302
0.01313822903
0.01212371812
0.01136791037
0.01124058005
0.01181732737
0.01286592472
0.01407435034
0.0147196664
0.01458100341
0.01390713907
0.0129375912
0.01213825947
0.01196456389
0.01242702459
0.0131195307
0.01356927505
0.01330797403
0.01234086597
0.01096524593
0.009767373042
0.00923110027
0.009578239383
0.01057914215
0.01184181414
0.01293958136
0.01351281319
0.01344755797
0.01297189035
0.01227312241
0.01143999085
0.01087332998
0.01068803387
0.01084547145
0.01121490631
0.0115829124
0.01172845308
0.01144885599
0.0106836086
0.009697334455
0.008768786109
0.008130449843
0.007893971372
0.00817996412
0.008789613466
0.009709436181
0.01077375131
0.01193434621
0.01287765589
0.01336785231
0.01330462183
0.01295629542
0.0125251322
0.01238294382
0.01274059172
0.01336479354
0.0137210438
0.01326566517
0.01189698937
0.01006569485
0.008256808861
0.007261792365
0.007332651787
0.008202435051
0.009511041641
0.01075560901
0.01163891735
0.01223666642
0.01252315948
0.01285240394
0.0129546658
0.01275394806
0.01250518035
0.01231406189
0.01222311538
0.01235677539
0.01265755849
0.01299975309
0.01309454791
0.01299632008
0.01269183593
0.01221010109
0.01178145582
0.01152143377
0.01147176926
0.01163903096
0.01194756512
0.01243450741
0.01312805109
0.01383214332
0.01453138686
0.01484653234
0.01453963936
0.01356340067
0.01219908455
0.01100837261
0.01032263586
0.01039307467
0.01113116183
0.01202888461
0.01258271359
0.01247535565
0.01176729987
0.01086503042
0.01008305067
0.009863151736
0.0103010566
0.011115117
0.01207823182
0.0127430451
0.01280301623
0.01227409414
0.01132694011
0.01043289757
0.009787121604
0.009446949512
0.009447802322
0.009724098704
0.01013711366
0.01063964216
0.01117160727
0.01170375334
0.01187260515
0.01164405433
0.01115161442
0.01058627664
0.01018355078
0.01013462412
0.0103031407
0.01052306645
0.0105682396
0.01050944019
0.01065578651
0.011052156
0.0117617691
0.01267009869
0.01336048191
0.01352042543
0.0131446706
0.01255735076
0.01182894366
0.01130686714
0.01108747518
0.0110908386
0.0113355959
0.01167479368
0.01212355769
0.01253907696
0.01286078807
0.01284551105
0.01239090429
0.01135692004
0.01002808494
0.008898348996
0.008502174878
0.008976614137
0.01033163862
0.0122060027
0.01390236469
0.0147164628
0.01467652792
0.01407769438
0.01330298736
0.01274914639
0.01269246461
0.01294088124
0.01307902714
0.01303418196
0.01265946945
0.01198986829
0.01125437703
0.01042954992
0.009772038332
0.00940975549
0.009385989945
0.01001482174
0.01057953817
0.01095243318
0.01280740728
0.01333568353
0.01097970894
0.01121316114
0.01377122893
0.04145957608
0.002925483312
0.003062663218
0.002921902441