0.03937508171
0.03937508171
0.03937508171
0.03918901216
0.03937508171
0.03900292515
0.03937508171
0.03918901216
0.03937508171
0.03918901216
0.03956115126
0.03918901216
0.03937508171
0.03937508171
0.03918901216
0.03918901216
0.03937508171
0.03937508171
0.03956115126
0.03937508171
0.03937508171
0.03937508171
0.03937508171
0.03937508171
0.03918901216
0.03900292515
0.03974723827
0.03937508171
0.03937508171
0.03974723827
0.03918901216
0.03900292515
0.03956115126
0.03918901216
0.03937508171
0.03937508171
0.03937508171
0.03937508171
0.03974723827
0.03956115126
0.03937508171
0.03918901216
0.03918901216
0.03937508171
0.03918901216
0.03956115126
0.03937508171
0.03937508171
0.03956115126
0.03918901216
0.03974723827
0.03937508171
0.03937508171
0.03937508171
0.03937508171
0.03937508171
0.03956115126
0.03937508171
0.03937508171
0.03956115126
0.03956115126
0.03937508171
0.03956115126
0.03918901216
0.03974723827
0.03937508171
0.03918901216
0.03956115126
0.03956115126
0.03918901216
0.03956115126
0.03918901216
0.03937508171
0.03937508171
0.03937508171
0.03918901216
0.03937508171
0.03937508171
0.03937508171
0.03937508171
0.03900292515
0.03937508171
0.03937508171
0.03937508171
0.03956115126
0.03918901216
0.03937508171
0.03937508171
0.03937508171
0.03937508171
0.03937508171
0.03918901216
0.03937508171
0.03900292515
0.03918901216
0.03918901216
0.03956115126
0.03937508171
0.03937508171
0.03918901216
0.03918901216
0.03918901216
0.03956115126
0.03937508171
0.03937508171
0.03900292515
0.03937508171
0.03918901216
0.03937508171
0.03918901216
0.03974723827
0.03918901216
0.03993330782
0.03900292515
0.03993330782
0.03900292515
0.03956115126
0.03937508171
0.03974723827
0.03937508171
0.03956115126
0.03900292515
0.03937508171
0.03918901216
0.03956115126
0.03956115126
0.03956115126
0.03918901216
0.03918901216
0.03937508171
0.03937508171
0.03937508171
0.03937508171
0.03937508171
0.03918901216
0.0388168556
0.0388168556
0.03788649039
0.03677003818
0.03379285554
0.03025744679
0.02430308152
0.01630188136
0.007928559553
-0.0006308667114
-0.006399162436
-0.009376345074
-0.01012064073
-0.009934571182
-0.009748484177
-0.009376345074
-0.009004188518
-0.008632049415
-0.008445979863
-0.008445979863
-0.007887753755
-0.00770166675
-0.007515597199
-0.007143458095
-0.006957371091
-0.006585231988
-0.005840936328
-0.005654866776
-0.005096640669
-0.004538414561
-0.003794118901
-0.003421962345
-0.003049823242
-0.00286375369
-0.002677666685
-0.002491597134
-0.002491597134
-0.002305527582
-0.002305527582
-0.001933371026
-0.001561231922
-0.001375162371
-0.001189075366
-0.000816936263
-0.0006308667114
-0.0004447797066
-7.26E-05
-7.26E-05
0.0001134464014
0.0002995159529
0.0004855855045
0.000671655056
0.001043811612
0.002718472483
0.007184263893
0.01332469872
0.0231866293
0.0345371512
0.04570160354
0.0577964211
0.06523939515
0.07137982998
0.07547346483
0.0767759866
0.07696205615
0.07696205615
0.07733419525
0.07733419525
0.07752028226
0.07752028226
0.07752028226
0.07733419525
0.07733419525
0.07696205615
0.07658989959
0.07584560393
0.07472916917
0.07435701261
0.07379878651
0.07361271695
0.0732405604
0.0732405604
0.0728684213
0.07268235174
0.07212412564
0.07212412564
0.07193805608
0.07156589953
0.07137982998
0.07137982998
0.07119376042
0.07082160387
0.07082160387
0.07044946477
0.07044946477
0.07007730821
0.06970516911
0.0695190821
0.06970516911
0.06933301255
0.06896087345
0.06896087345
0.06840264734
0.06821657779
0.06821657779
0.06784442123
0.06728619512
0.06616976036
0.06430901248
0.06207612551
0.05649389933
0.04719019486
0.03751433384
0.02486129017
0.008486768208
-0.002305527582
-0.007515597199
-0.006585231988
-0.003235892793
-0.001189075366
-0.001003005815
-0.001003005815
-0.000816936263
-0.0006308667114
-0.0004447797066
-0.000258710155
-0.000258710155
-7.26E-05
0.0001134464014
0.0008577420609
0.001788107272
0.002532402931
0.00476528991
0.005881742126
0.006998176889
0.008486768208
0.01090574219
0.0151854466
0.02188410753
0.03100174245
0.04905092528
0.06133182985
0.07082160387
0.07863671702
0.08496323885
0.08533539541
0.08552146496
0.0847771693
0.08347464753
0.08179998666
0.08031137789
0.07938101268
0.07919496058
0.07900887358
0.07863671702
0.07845064747
0.07807850837
0.07752028226
0.07696205615
0.07621776049
0.07435701261
0.0734266474
0.07100769087
0.0695190821
0.06654189946
0.06263435161
0.05742426454
0.04812056007
0.03788649039
0.0308156729
0.02765240326
0.02858278592
0.03044351634
0.03211819467
0.03304855988
0.03379285554
0.03416499464
0.0345371512
0.0345371512
0.03509537731
0.03528144686
0.0349092903
0.03509537731
0.03528144686
0.0349092903
0.03528144686
0.0349092903
0.0349092903
0.03509537731
0.03528144686
0.03528144686
0.03528144686
0.03546751641
0.03583967296
0.03602574252
0.03583967296
0.03602574252
0.03639789907
0.03714219473
0.03751433384
0.03807255994
0.03825862949
0.03825862949
0.03788649039
0.03844469905
0.03825862949
0.03900292515
0.0388168556
0.03900292515
0.03937508171
0.03918901216
0.03900292515
0.03937508171
0.03918901216
0.03937508171
0.03918901216
0.03956115126
0.03918901216
0.03937508171
0.03918901216
0.03937508171
0.0388168556
0.03900292515
0.03900292515
0.0388168556
0.03937508171
0.03900292515
0.03937508171
0.03918901216
0.03900292515
0.03863078605
0.0388168556
0.03900292515
0.03863078605
0.03825862949
0.03900292515
0.03863078605
0.03863078605
0.0388168556
0.03863078605
0.03844469905
0.03900292515
0.03844469905
0.03844469905
0.03863078605
0.03825862949
0.03844469905
0.03825862949
0.03863078605
0.03825862949
0.03844469905
0.03844469905
0.03825862949
0.03788649039
0.03863078605
0.03825862949
0.03844469905
0.03863078605
0.0388168556
0.03825862949
0.03863078605
0.03863078605
0.03807255994
0.03900292515
0.03863078605
0.03900292515
0.03844469905
0.03825862949
0.03844469905
0.03863078605
0.03844469905
0.0388168556
0.03844469905
0.03825862949
0.03863078605
0.03844469905
0.03825862949
0.0388168556
0.03825862949
0.03825862949
0.03844469905
0.03844469905
0.03844469905
0.03844469905
0.03863078605
0.03863078605
0.03844469905
0.03844469905
0.03863078605
0.03825862949
0.03863078605
0.03825862949
0.03844469905
0.03825862949
0.03844469905
0.03825862949
0.03863078605
0.03825862949
0.03863078605
0.03825862949
0.03844469905
0.03825862949
0.03863078605
0.03825862949
0.03863078605
0.03788649039
0.03844469905
0.03807255994
0.03863078605
0.03825862949
0.03825862949
0.03825862949
0.03825862949
0.03788649039
0.03844469905
0.03825862949
0.03788649039
0.03825862949
0.03863078605
0.03788649039
0.03863078605
0.03807255994
0.03807255994
0.03825862949
0.03825862949
0.03788649039
0.03844469905
0.03807255994
0.03825862949
0.03863078605
0.03788649039
0.03807255994
0.03825862949
0.03788649039
0.03825862949
0.03844469905
0.03825862949
0.03807255994
0.03807255994
0.03825862949
0.03825862949
0.03807255994
0.03844469905
0.03844469905
0.03807255994
0.03844469905
0.03825862949
0.03807255994
0.03807255994
0.03863078605
0.03844469905
0.03844469905
0.03807255994
0.03863078605
0.03807255994
0.03807255994
0.03844469905
0.03863078605
0.03844469905
0.03825862949
0.0388168556
0.03807255994
0.03844469905
0.03825862949
0.03844469905
0.03788649039
0.03844469905
0.03844469905
0.03863078605
0.03844469905
0.03825862949
0.03825862949
0.03807255994
0.03863078605
0.03825862949
0.03825862949
0.03863078605
0.03825862949
0.03825862949
0.03825862949
0.03863078605
0.03788649039
0.03844469905
0.03863078605
0.03844469905
0.03825862949
0.03825862949
0.03807255994
0.03844469905
0.03788649039
0.03825862949
0.03825862949
0.03788649039
0.03825862949
0.03807255994
0.03807255994
0.03825862949
0.03825862949
0.03770040339
0.03825862949
0.03788649039
0.03825862949
0.03770040339
0.03825862949
0.03788649039
0.03788649039
0.03807255994
0.03863078605
0.03807255994
0.03825862949
0.03825862949
0.03825862949
0.03807255994
0.03825862949
0.03807255994
0.03807255994
0.03825862949
0.03825862949
0.03807255994
0.03844469905
0.03825862949
0.03825862949
0.03807255994
0.03825862949
0.03825862949
0.03825862949
0.03807255994
0.03807255994
0.03807255994
0.03844469905
0.03863078605
0.03825862949
0.03825862949
0.03825862949
0.03788649039
0.03863078605
0.03863078605
0.03788649039
0.03807255994
0.03863078605
0.03825862949
0.03825862949
0.0388168556
0.03825862949
0.03825862949
0.03863078605
0.03844469905
0.03825862949
0.03825862949
0.03807255994
0.03825862949
0.03825862949
0.03807255994
0.03844469905
0.03863078605
0.03825862949
0.03844469905
0.0388168556
0.03807255994
0.03807255994
0.03863078605
0.03788649039
0.03788649039
0.03844469905
0.03863078605
0.03825862949
0.03807255994
0.03825862949
0.03825862949
0.03825862949
0.03825862949
0.03825862949
0.03770040339
0.03825862949
0.03825862949
0.03807255994
0.03807255994
0.03825862949
0.03844469905
0.03844469905
0.03825862949
0.03788649039
0.03788649039
0.03807255994
0.03788649039
0.03807255994
0.03770040339
0.03807255994
0.03788649039
0.03807255994
0.03807255994