-0.0000737338395
-0.0000044155532
0.0000475763692
0.0000163504788
0.0000130100924
0.0000109351308
0.0000067829086
-0.0000057695372
-0.0000059584334
-0.0000016795065
0.0000064197055
0.0000180133569
0.0000270876741
0.0000309341232
0.0000298783018
0.0000228610233
0.0000111325303
-0.0000020307027
-0.0000153005887
-0.0000281611144
-0.0000354169481
-0.0000363102147
-0.0000304071999
-0.0000188734132
-0.0000043043778
0.0000056882063
0.0000116462708
0.0000108326671
0.0000054982228
-0.0000014062086
-0.0000061432106
-0.0000072523718
-0.0000048687104
0.0000031941561
0.0000088226950
0.0000136155957
0.0000135651295
0.0000088274118
0.0000023575143
-0.0000031664800
-0.0000069010623
-0.0000075236167
-0.0000044101737
-0.0000019483268
0.0000001370752
0.0000009480691
-0.0000001885961
-0.0000017044514
-0.0000019748131
-0.0000009187904
0.0000021657433
0.0000070124883
0.0000116423108
0.0000145673602
0.0000142415852
0.0000100453780
0.0000035465769
-0.0000033825631
-0.0000079287880
-0.0000070066880
-0.0000016498692
0.0000041936738
0.0000077126010
0.0000049261706
-0.0000022715096
-0.0000117718312
-0.0000196179221
-0.0000222415266
-0.0000197766180
-0.0000114716456
-0.0000019478665
0.0000076860040
0.0000132893062
0.0000151557363
0.0000130187121
0.0000073347605
0.0000001093706
-0.0000081980741
-0.0000121211506
-0.0000140151302
-0.0000103094793
-0.0000034097678
0.0000035179335
0.0000083627374
0.0000092565308
0.0000064949609
-0.0000007843221
-0.0000076852002
-0.0000150730941
-0.0000200257627
-0.0000198605645
-0.0000158557398
-0.0000080902642
-0.0000004587108
0.0000031395308
0.0000019502258
-0.0000016506469
-0.0000043578045
-0.0000038957432
0.0000020308601
0.0000087131451
0.0000146636074
0.0000162035137
0.0000143646253
0.0000095494550
0.0000046794770
0.0000036524012
0.0000019213349
0.0000009473181
-0.0000021367469
-0.0000073569738
-0.0000151245860
-0.0000210507671
-0.0000249490931
-0.0000249741563
-0.0000192373701
-0.0000117694673
-0.0000056256986
-0.0000017307646
-0.0000023542572
-0.0000073056374
-0.0000109874197
-0.0000148840356
-0.0000179158746
-0.0000189953550
-0.0000209418603
-0.0000248354235
-0.0000261831202
-0.0000257992491
-0.0000260096003
-0.0000248724404
-0.0000244148081
-0.0000265007355
-0.0000269123457
-0.0000245632912
-0.0000195834890
-0.0000105740311
0.0000044354271
0.0000221934609
0.0000443798531
0.0000729229188
0.0001084266175
0.0001566319226
0.0002198100544
0.0003031792081
0.0004038884808
0.0005174534900
0.0006354302355
0.0007484180685
0.0008498621340
0.0009363486367
0.0010099354191
0.0010697468504
0.0011185821203
0.0011549582771
0.0011774751689
0.0011866576180
0.0011846180729
0.0011753937334
0.0011627143018
0.0011488352959
0.0011322529178
0.0011126976340
0.0010867629617
0.0010531168549
0.0010128237471
0.0009679306092
0.0009222837716
0.0008800024671
0.0008432972608
0.0008111634643
0.0007814589593
0.0007503168126
0.0007149081123
0.0006762788426
0.0006357442174
0.0005972288808
0.0005622025559
0.0005314561038
0.0005042277481
0.0004782891172
0.0004529351201
0.0004279500384
0.0004046718977
0.0003838585553
0.0003684072663
0.0003578856242
0.0003486313849
0.0003373667895
0.0003151926976
0.0002735631340
0.0002061752819
0.0001112170798
-0.0000116633055
-0.0001582905046
-0.0003226387830
-0.0005024323733
-0.0006885581538
-0.0008724813255
-0.0010429985803
-0.0011920640937
-0.0013150088074
-0.0014144141790
-0.0014948619331
-0.0015591030958
-0.0016082077938
-0.0016387683825
-0.0016507592850
-0.0016461191267
-0.0016280455432
-0.0016018307046
-0.0015705852602
-0.0015314283711
-0.0014827128571
-0.0014240938297
-0.0013544370312
-0.0012785635853
-0.0012057199826
-0.0011403773801
-0.0010836164603
-0.0010329235803
-0.0009802865247
-0.0009178097034
-0.0008432662500
-0.0007591103498
-0.0006704927472
-0.0005850028130
-0.0005088833507
-0.0004455675799
-0.0003963740079
-0.0003615269654
-0.0003400147040
-0.0003265204136
-0.0003147827195
-0.0002984396762
-0.0002740443905
-0.0002425681463
-0.0002084720513
-0.0001770684688
-0.0001510465778
-0.0001320896347
-0.0001180594108
-0.0001061908425
-0.0000940446229
-0.0000789100251
-0.0000547430259
-0.0000135553950
0.0000533504096
0.0001538270377
0.0002858316968
0.0004412058667
0.0006064855453
0.0007665393966
0.0009098312035
0.0010320663015
0.0011318284797
0.0012127931893
0.0012782683593
0.0013274170044
0.0013610299499
0.0013792357616
0.0013824655508
0.0013751190145
0.0013633974892
0.0013474006492
0.0013296092791
0.0013088955603
0.0012796001142
0.0012392875906
0.0011877700688
0.0011229431670
0.0010448403527
0.0009529488774
0.0008414746988
0.0007047160559
0.0005398384139
0.0003460348486
0.0001258946373
-0.0001116286815
-0.0003573889935
-0.0006005943712
-0.0008318823235
-0.0010408565358
-0.0012232103251
-0.0013744892570
-0.0014939133629
-0.0015853997646
-0.0016533735760
-0.0017038481422
-0.0017405867434
-0.0017663250335
-0.0017773811867
-0.0017743388668
-0.0017547472197
-0.0017172065446
-0.0016656143937
-0.0015992251268
-0.0015190910973
-0.0014264184880
-0.0013238696281
-0.0012096288759
-0.0010856146221
-0.0009515563653
-0.0008020696570
-0.0006404763309
-0.0004684227734
-0.0002940602941
-0.0001249035912
0.0000301915987
0.0001681762474
0.0002868233921
0.0003857007813
0.0004684338445
0.0005357111929
0.0005926691145
0.0006399752642
0.0006779869817
0.0007064211235
0.0007238648120
0.0007304340248
0.0007281177166
0.0007182032364
0.0007020930489
0.0006824416601
0.0006596922241
0.0006339053305
0.0006071600822
0.0005795035048
0.0005482681951
0.0005141069884
0.0004759913872
0.0004346631675
0.0003906290712
0.0003471048797
0.0003043127993
0.0002606463275
0.0002172745465
0.0001751294028
0.0001340997610
0.0000951511925
0.0000611806467
0.0000287560310
-0.0000030531926
-0.0000330004522
-0.0000599915091
-0.0000846368628
-0.0001042780764
-0.0001229636901
-0.0001415939123
-0.0001617327093
-0.0001811723374
-0.0001971602191
-0.0002077003222
-0.0002116036698
-0.0002117637688
-0.0002069881429
-0.0002046053373
-0.0001996257533
-0.0001945034445
-0.0001870628525
-0.0001767994184
-0.0001630910741
-0.0001484665354
-0.0001365224106
-0.0001243818471
-0.0001166871167
-0.0001069699367
-0.0000961790911
-0.0000838189271
-0.0000745840845
-0.0000692243903
-0.0000699941585
-0.0000745049874
-0.0000771780966
-0.0000753428226
-0.0000684726411
-0.0000553330957
-0.0000393310347
-0.0000234430201
-0.0000077760114
0.0000082186568
0.0000230880676
0.0000340280306
0.0000435125034
0.0000453279343
0.0000421149492
0.0000344746043
0.0000266667539
0.0000184441215
0.0000150861288
0.0000179124579
0.0000230123244
0.0000294028637
0.0000335107648
0.0000341644015
0.0000299330009
0.0000249075588
0.0000192285533
0.0000124798742
0.0000046908719
-0.0000032358083
-0.0000106132903
-0.0000137129163
-0.0000105042631
-0.0000035102017
0.0000022502074
0.0000029357035
-0.0000006567278
-0.0000076218769
-0.0000121986640
-0.0000127162027
-0.0000098920609
-0.0000094543470
-0.0000103857973
-0.0000132944429
-0.0000171893655
-0.0000182612026
-0.0000182633359
-0.0000177155934
-0.0000204075313
-0.0000209594561
-0.0000218709975
-0.0000181432723
-0.0000129861771
-0.0000086229296
-0.0000076351640
-0.0000140632151
-0.0000227726384
-0.0000340916644
-0.0000424708656
-0.0000504115960
-0.0000529394022
-0.0000539013102
-0.0000534077365
-0.0000490668213
-0.0000465958127
-0.0000414022266
-0.0000368129040
-0.0000287616179
-0.0000214002926
-0.0000139010398
-0.0000106308636
-0.0000127191916
-0.0000157650593
-0.0000210631183
-0.0000193295351
-0.0000143856580
-0.0000047756659
0.0000047495896
0.0000131237189
0.0000165035339
0.0000164219256
0.0000150481859
0.0000127672215
0.0000147146722
0.0000206406596
0.0000284590113
0.0000348205342
0.0000362403430
0.0000303385552
0.0000209258593
0.0000125051037
0.0000081414418
0.0000084142144
0.0000131763833
0.0000182905818
0.0000229398176
0.0000266629798
0.0000294065246
0.0000296605303
0.0000280792377
0.0000247090001
0.0000213363918
0.0000182347563
0.0000184714151
0.0000198033082
0.0000212192271
0.0000204199430
0.0000172439717
0.0000111759118
0.0000014205394
-0.0000070445321
-0.0000170376308
-0.0000237528853
-0.0000301148155
-0.0000330911493
-0.0000351692009
-0.0000330420868
-0.0000287565636
-0.0000226413749
-0.0000165262135
-0.0000145090241
-0.0000147870679
-0.0000173618705
-0.0000159737992
-0.0000115993881
-0.0000012854682
0.0000054988293
0.0000059092914
-0.0000029543131
-0.0000179995568
-0.0000327735356
-0.0000427615801
-0.0000460225177
-0.0000472292431
-0.0000462207191
-0.0000466044385
-0.0000463017640
-0.0000440266091
-0.0000390709849
-0.0000347734140
-0.0000320109663
-0.0000303417397
-0.0000307245626
-0.0000301490773
-0.0000279312878
-0.0000243453168
-0.0000209769713
-0.0000159708495
-0.0000126043298
-0.0000096773054
-0.0000092402396
-0.0000095944923
-0.0000106603255
-0.0000106061706
-0.0000090752932
-0.0000068051981
-0.0000038800144
-0.0000019115197
0.0000041264351
0.0000118340969
0.0000221380381
0.0000309124614
0.0000361040543
0.0000335884922
0.0000276838924
0.0000216699497
0.0000180883193
0.0000193956898
0.0000241445220
0.0000296018428
0.0000313439604
0.0000314493211
0.0000275427538
0.0000216461228
0.0000159668337
0.0000130449237
0.0000130986589
0.0000167790710
0.0000225316325
0.0000266979398
0.0000276756818
0.0000247283799
0.0000193531966
0.0000128910989
0.0000083381586
0.0000045776423
0.0000015254691
-0.0000022043095
-0.0000050896167
-0.0000059343348
-0.0000044632836
-0.0000010326312
0.0000003817145
-0.0000016871301
-0.0000069927120
-0.0000128971984
-0.0000170325602
-0.0000179035616
-0.0000166524515
-0.0000176331567
-0.0000211173208
-0.0000257438602
-0.0000286279064
-0.0000274567742
-0.0000213602261
-0.0000139036662
-0.0000086791814
-0.0000057675487
-0.0000053057357
-0.0000069388743
-0.0000077290119
-0.0000080567793
-0.0000086562574
-0.0000086285881
-0.0000086287492
-0.0000065871297
-0.0000047359167
-0.0000000804639
0.0000035670268
0.0000071887709
0.0000059085999
0.0000013621915
-0.0000070774594
-0.0000181304856
-0.0000253713028
-0.0000267319998
-0.0000204964774
-0.0000109140444
0.0000018520577
0.0000085737876
0.0000117041097
0.0000119216143
0.0000130909761
0.0000161640095
0.0000219297642
0.0000281848625
0.0000311222526
0.0000335422689
0.0000323992293
0.0000317715311
0.0000289150953
0.0000252139800
0.0000193382386
0.0000124560358
0.0000091368920
0.0000079412202
0.0000108226826
0.0000190423033
0.0000223960841
0.0000190416909
0.0000082567305
0.0000078034813
0.0001260888577
0.0000042690472
-0.0000044315962